  0.0000000000000000e+000  0.0000000000000000e+000  1.3100000000000000e+002
  0.0000000000000000e+000  0.0000000000000000e+000  1.3500000000000000e+002
  0.0000000000000000e+000  0.0000000000000000e+000  1.3900000000000000e+002
  0.0000000000000000e+000  0.0000000000000000e+000  1.4300000000000000e+002
  0.0000000000000000e+000  0.0000000000000000e+000  1.4700000000000000e+002
  0.0000000000000000e+000  0.0000000000000000e+000  1.5100000000000000e+002
  0.0000000000000000e+000  0.0000000000000000e+000  1.5500000000000000e+002
  0.0000000000000000e+000  0.0000000000000000e+000  1.5900000000000000e+002
  0.0000000000000000e+000  0.0000000000000000e+000  1.6300000000000000e+002
  0.0000000000000000e+000  0.0000000000000000e+000  1.6700000000000000e+002
  0.0000000000000000e+000  0.0000000000000000e+000  1.7100000000000000e+002
  0.0000000000000000e+000  0.0000000000000000e+000  1.7500000000000000e+002
  0.0000000000000000e+000  0.0000000000000000e+000  1.7900000000000000e+002
  0.0000000000000000e+000  0.0000000000000000e+000  1.8300000000000000e+002
  0.0000000000000000e+000  0.0000000000000000e+000  1.8700000000000000e+002
  0.0000000000000000e+000  0.0000000000000000e+000  1.9100000000000000e+002
  0.0000000000000000e+000  0.0000000000000000e+000  1.9500000000000000e+002
  0.0000000000000000e+000  0.0000000000000000e+000  1.9900000000000000e+002
  0.0000000000000000e+000  0.0000000000000000e+000  2.0300000000000000e+002
  0.0000000000000000e+000  0.0000000000000000e+000  2.0700000000000000e+002
  0.0000000000000000e+000  0.0000000000000000e+000  2.1100000000000000e+002
  0.0000000000000000e+000  0.0000000000000000e+000  2.1500000000000000e+002
  0.0000000000000000e+000  0.0000000000000000e+000  2.1900000000000000e+002
  0.0000000000000000e+000  0.0000000000000000e+000  2.2300000000000000e+002
  0.0000000000000000e+000  0.0000000000000000e+000  2.2700000000000000e+002
  0.0000000000000000e+000  0.0000000000000000e+000  2.3100000000000000e+002
  0.0000000000000000e+000  0.0000000000000000e+000  2.3500000000000000e+002
  0.0000000000000000e+000  0.0000000000000000e+000  2.3900000000000000e+002
  0.0000000000000000e+000  0.0000000000000000e+000  2.4300000000000000e+002
  0.0000000000000000e+000  0.0000000000000000e+000  2.4700000000000000e+002
  0.0000000000000000e+000  0.0000000000000000e+000  2.5100000000000000e+002
  0.0000000000000000e+000  0.0000000000000000e+000  2.5500000000000000e+002
  0.0000000000000000e+000  3.0000000000000000e+000  2.5500000000000000e+002
  0.0000000000000000e+000  7.0000000000000000e+000  2.5500000000000000e+002
  0.0000000000000000e+000  1.1000000000000000e+001  2.5500000000000000e+002
  0.0000000000000000e+000  1.5000000000000000e+001  2.5500000000000000e+002
  0.0000000000000000e+000  1.9000000000000000e+001  2.5500000000000000e+002
  0.0000000000000000e+000  2.3000000000000000e+001  2.5500000000000000e+002
  0.0000000000000000e+000  2.7000000000000000e+001  2.5500000000000000e+002
  0.0000000000000000e+000  3.1000000000000000e+001  2.5500000000000000e+002
  0.0000000000000000e+000  3.5000000000000000e+001  2.5500000000000000e+002
  0.0000000000000000e+000  3.9000000000000000e+001  2.5500000000000000e+002
  0.0000000000000000e+000  4.3000000000000000e+001  2.5500000000000000e+002
  0.0000000000000000e+000  4.7000000000000000e+001  2.5500000000000000e+002
  0.0000000000000000e+000  5.1000000000000000e+001  2.5500000000000000e+002
  0.0000000000000000e+000  5.5000000000000000e+001  2.5500000000000000e+002
  0.0000000000000000e+000  5.9000000000000000e+001  2.5500000000000000e+002
  0.0000000000000000e+000  6.3000000000000000e+001  2.5500000000000000e+002
  0.0000000000000000e+000  6.7000000000000000e+001  2.5500000000000000e+002
  0.0000000000000000e+000  7.1000000000000000e+001  2.5500000000000000e+002
  0.0000000000000000e+000  7.5000000000000000e+001  2.5500000000000000e+002
  0.0000000000000000e+000  7.9000000000000000e+001  2.5500000000000000e+002
  0.0000000000000000e+000  8.3000000000000000e+001  2.5500000000000000e+002
  0.0000000000000000e+000  8.7000000000000000e+001  2.5500000000000000e+002
  0.0000000000000000e+000  9.1000000000000000e+001  2.5500000000000000e+002
  0.0000000000000000e+000  9.5000000000000000e+001  2.5500000000000000e+002
  0.0000000000000000e+000  9.9000000000000000e+001  2.5500000000000000e+002
  0.0000000000000000e+000  1.0300000000000000e+002  2.5500000000000000e+002
  0.0000000000000000e+000  1.0700000000000000e+002  2.5500000000000000e+002
  0.0000000000000000e+000  1.1100000000000000e+002  2.5500000000000000e+002
  0.0000000000000000e+000  1.1500000000000000e+002  2.5500000000000000e+002
  0.0000000000000000e+000  1.1900000000000000e+002  2.5500000000000000e+002
  0.0000000000000000e+000  1.2300000000000000e+002  2.5500000000000000e+002
  0.0000000000000000e+000  1.2700000000000000e+002  2.5500000000000000e+002
  0.0000000000000000e+000  1.3100000000000000e+002  2.5500000000000000e+002
  0.0000000000000000e+000  1.3500000000000000e+002  2.5500000000000000e+002
  0.0000000000000000e+000  1.3900000000000000e+002  2.5500000000000000e+002
  0.0000000000000000e+000  1.4300000000000000e+002  2.5500000000000000e+002
  0.0000000000000000e+000  1.4700000000000000e+002  2.5500000000000000e+002
  0.0000000000000000e+000  1.5100000000000000e+002  2.5500000000000000e+002
  0.0000000000000000e+000  1.5500000000000000e+002  2.5500000000000000e+002
  0.0000000000000000e+000  1.5900000000000000e+002  2.5500000000000000e+002
  0.0000000000000000e+000  1.6300000000000000e+002  2.5500000000000000e+002
  0.0000000000000000e+000  1.6700000000000000e+002  2.5500000000000000e+002
  0.0000000000000000e+000  1.7100000000000000e+002  2.5500000000000000e+002
  0.0000000000000000e+000  1.7500000000000000e+002  2.5500000000000000e+002
  0.0000000000000000e+000  1.7900000000000000e+002  2.5500000000000000e+002
  0.0000000000000000e+000  1.8300000000000000e+002  2.5500000000000000e+002
  0.0000000000000000e+000  1.8700000000000000e+002  2.5500000000000000e+002
  0.0000000000000000e+000  1.9100000000000000e+002  2.5500000000000000e+002
  0.0000000000000000e+000  1.9500000000000000e+002  2.5500000000000000e+002
  0.0000000000000000e+000  1.9900000000000000e+002  2.5500000000000000e+002
  0.0000000000000000e+000  2.0300000000000000e+002  2.5500000000000000e+002
  0.0000000000000000e+000  2.0700000000000000e+002  2.5500000000000000e+002
  0.0000000000000000e+000  2.1100000000000000e+002  2.5500000000000000e+002
  0.0000000000000000e+000  2.1500000000000000e+002  2.5500000000000000e+002
  0.0000000000000000e+000  2.1900000000000000e+002  2.5500000000000000e+002
  0.0000000000000000e+000  2.2300000000000000e+002  2.5500000000000000e+002
  0.0000000000000000e+000  2.2700000000000000e+002  2.5500000000000000e+002
  0.0000000000000000e+000  2.3100000000000000e+002  2.5500000000000000e+002
  0.0000000000000000e+000  2.3500000000000000e+002  2.5500000000000000e+002
  0.0000000000000000e+000  2.3900000000000000e+002  2.5500000000000000e+002
  0.0000000000000000e+000  2.4300000000000000e+002  2.5500000000000000e+002
  0.0000000000000000e+000  2.4700000000000000e+002  2.5500000000000000e+002
  0.0000000000000000e+000  2.5100000000000000e+002  2.5500000000000000e+002
  0.0000000000000000e+000  2.5500000000000000e+002  2.5500000000000000e+002
  3.0000000000000000e+000  2.5500000000000000e+002  2.5100000000000000e+002
  7.0000000000000000e+000  2.5500000000000000e+002  2.4700000000000000e+002
  1.1000000000000000e+001  2.5500000000000000e+002  2.4300000000000000e+002
  1.5000000000000000e+001  2.5500000000000000e+002  2.3900000000000000e+002
  1.9000000000000000e+001  2.5500000000000000e+002  2.3500000000000000e+002
  2.3000000000000000e+001  2.5500000000000000e+002  2.3100000000000000e+002
  2.7000000000000000e+001  2.5500000000000000e+002  2.2700000000000000e+002
  3.1000000000000000e+001  2.5500000000000000e+002  2.2300000000000000e+002
  3.5000000000000000e+001  2.5500000000000000e+002  2.1900000000000000e+002
  3.9000000000000000e+001  2.5500000000000000e+002  2.1500000000000000e+002
  4.3000000000000000e+001  2.5500000000000000e+002  2.1100000000000000e+002
  4.7000000000000000e+001  2.5500000000000000e+002  2.0700000000000000e+002
  5.1000000000000000e+001  2.5500000000000000e+002  2.0300000000000000e+002
  5.5000000000000000e+001  2.5500000000000000e+002  1.9900000000000000e+002
  5.9000000000000000e+001  2.5500000000000000e+002  1.9500000000000000e+002
  6.3000000000000000e+001  2.5500000000000000e+002  1.9100000000000000e+002
  6.7000000000000000e+001  2.5500000000000000e+002  1.8700000000000000e+002
  7.1000000000000000e+001  2.5500000000000000e+002  1.8300000000000000e+002
  7.5000000000000000e+001  2.5500000000000000e+002  1.7900000000000000e+002
  7.9000000000000000e+001  2.5500000000000000e+002  1.7500000000000000e+002
  8.3000000000000000e+001  2.5500000000000000e+002  1.7100000000000000e+002
  8.7000000000000000e+001  2.5500000000000000e+002  1.6700000000000000e+002
  9.1000000000000000e+001  2.5500000000000000e+002  1.6300000000000000e+002
  9.5000000000000000e+001  2.5500000000000000e+002  1.5900000000000000e+002
  9.9000000000000000e+001  2.5500000000000000e+002  1.5500000000000000e+002
  1.0300000000000000e+002  2.5500000000000000e+002  1.5100000000000000e+002
  1.0700000000000000e+002  2.5500000000000000e+002  1.4700000000000000e+002
  1.1100000000000000e+002  2.5500000000000000e+002  1.4300000000000000e+002
  1.1500000000000000e+002  2.5500000000000000e+002  1.3900000000000000e+002
  1.1900000000000000e+002  2.5500000000000000e+002  1.3500000000000000e+002
  1.2300000000000000e+002  2.5500000000000000e+002  1.3100000000000000e+002
  1.2700000000000000e+002  2.5500000000000000e+002  1.2700000000000000e+002
  1.3100000000000000e+002  2.5500000000000000e+002  1.2300000000000000e+002
  1.3500000000000000e+002  2.5500000000000000e+002  1.1900000000000000e+002
  1.3900000000000000e+002  2.5500000000000000e+002  1.1500000000000000e+002
  1.4300000000000000e+002  2.5500000000000000e+002  1.1100000000000000e+002
  1.4700000000000000e+002  2.5500000000000000e+002  1.0700000000000000e+002
  1.5100000000000000e+002  2.5500000000000000e+002  1.0300000000000000e+002
  1.5500000000000000e+002  2.5500000000000000e+002  9.9000000000000000e+001
  1.5900000000000000e+002  2.5500000000000000e+002  9.5000000000000000e+001
  1.6300000000000000e+002  2.5500000000000000e+002  9.1000000000000000e+001
  1.6700000000000000e+002  2.5500000000000000e+002  8.7000000000000000e+001
  1.7100000000000000e+002  2.5500000000000000e+002  8.3000000000000000e+001
  1.7500000000000000e+002  2.5500000000000000e+002  7.9000000000000000e+001
  1.7900000000000000e+002  2.5500000000000000e+002  7.5000000000000000e+001
  1.8300000000000000e+002  2.5500000000000000e+002  7.1000000000000000e+001
  1.8700000000000000e+002  2.5500000000000000e+002  6.7000000000000000e+001
  1.9100000000000000e+002  2.5500000000000000e+002  6.3000000000000000e+001
  1.9500000000000000e+002  2.5500000000000000e+002  5.9000000000000000e+001
  1.9900000000000000e+002  2.5500000000000000e+002  5.5000000000000000e+001
  2.0300000000000000e+002  2.5500000000000000e+002  5.1000000000000000e+001
  2.0700000000000000e+002  2.5500000000000000e+002  4.7000000000000000e+001
  2.1100000000000000e+002  2.5500000000000000e+002  4.3000000000000000e+001
  2.1500000000000000e+002  2.5500000000000000e+002  3.9000000000000000e+001
  2.1900000000000000e+002  2.5500000000000000e+002  3.5000000000000000e+001
  2.2300000000000000e+002  2.5500000000000000e+002  3.1000000000000000e+001
  2.2700000000000000e+002  2.5500000000000000e+002  2.7000000000000000e+001
  2.3100000000000000e+002  2.5500000000000000e+002  2.3000000000000000e+001
  2.3500000000000000e+002  2.5500000000000000e+002  1.9000000000000000e+001
  2.3900000000000000e+002  2.5500000000000000e+002  1.5000000000000000e+001
  2.4300000000000000e+002  2.5500000000000000e+002  1.1000000000000000e+001
  2.4700000000000000e+002  2.5500000000000000e+002  7.0000000000000000e+000
  2.5100000000000000e+002  2.5500000000000000e+002  3.0000000000000000e+000
  2.5500000000000000e+002  2.5500000000000000e+002  0.0000000000000000e+000
  2.5500000000000000e+002  2.5100000000000000e+002  0.0000000000000000e+000
  2.5500000000000000e+002  2.4700000000000000e+002  0.0000000000000000e+000
  2.5500000000000000e+002  2.4300000000000000e+002  0.0000000000000000e+000
  2.5500000000000000e+002  2.3900000000000000e+002  0.0000000000000000e+000
  2.5500000000000000e+002  2.3500000000000000e+002  0.0000000000000000e+000
  2.5500000000000000e+002  2.3100000000000000e+002  0.0000000000000000e+000
  2.5500000000000000e+002  2.2700000000000000e+002  0.0000000000000000e+000
  2.5500000000000000e+002  2.2300000000000000e+002  0.0000000000000000e+000
  2.5500000000000000e+002  2.1900000000000000e+002  0.0000000000000000e+000
  2.5500000000000000e+002  2.1500000000000000e+002  0.0000000000000000e+000
  2.5500000000000000e+002  2.1100000000000000e+002  0.0000000000000000e+000
  2.5500000000000000e+002  2.0700000000000000e+002  0.0000000000000000e+000
  2.5500000000000000e+002  2.0300000000000000e+002  0.0000000000000000e+000
  2.5500000000000000e+002  1.9900000000000000e+002  0.0000000000000000e+000
  2.5500000000000000e+002  1.9500000000000000e+002  0.0000000000000000e+000
  2.5500000000000000e+002  1.9100000000000000e+002  0.0000000000000000e+000
  2.5500000000000000e+002  1.8700000000000000e+002  0.0000000000000000e+000
  2.5500000000000000e+002  1.8300000000000000e+002  0.0000000000000000e+000
  2.5500000000000000e+002  1.7900000000000000e+002  0.0000000000000000e+000
  2.5500000000000000e+002  1.7500000000000000e+002  0.0000000000000000e+000
  2.5500000000000000e+002  1.7100000000000000e+002  0.0000000000000000e+000
  2.5500000000000000e+002  1.6700000000000000e+002  0.0000000000000000e+000
  2.5500000000000000e+002  1.6300000000000000e+002  0.0000000000000000e+000
  2.5500000000000000e+002  1.5900000000000000e+002  0.0000000000000000e+000
  2.5500000000000000e+002  1.5500000000000000e+002  0.0000000000000000e+000
  2.5500000000000000e+002  1.5100000000000000e+002  0.0000000000000000e+000
  2.5500000000000000e+002  1.4700000000000000e+002  0.0000000000000000e+000
  2.5500000000000000e+002  1.4300000000000000e+002  0.0000000000000000e+000
  2.5500000000000000e+002  1.3900000000000000e+002  0.0000000000000000e+000
  2.5500000000000000e+002  1.3500000000000000e+002  0.0000000000000000e+000
  2.5500000000000000e+002  1.3100000000000000e+002  0.0000000000000000e+000
  2.5500000000000000e+002  1.2700000000000000e+002  0.0000000000000000e+000
  2.5500000000000000e+002  1.2300000000000000e+002  0.0000000000000000e+000
  2.5500000000000000e+002  1.1900000000000000e+002  0.0000000000000000e+000
  2.5500000000000000e+002  1.1500000000000000e+002  0.0000000000000000e+000
  2.5500000000000000e+002  1.1100000000000000e+002  0.0000000000000000e+000
  2.5500000000000000e+002  1.0700000000000000e+002  0.0000000000000000e+000
  2.5500000000000000e+002  1.0300000000000000e+002  0.0000000000000000e+000
  2.5500000000000000e+002  9.9000000000000000e+001  0.0000000000000000e+000
  2.5500000000000000e+002  9.5000000000000000e+001  0.0000000000000000e+000
  2.5500000000000000e+002  9.1000000000000000e+001  0.0000000000000000e+000
  2.5500000000000000e+002  8.7000000000000000e+001  0.0000000000000000e+000
  2.5500000000000000e+002  8.3000000000000000e+001  0.0000000000000000e+000
  2.5500000000000000e+002  7.9000000000000000e+001  0.0000000000000000e+000
  2.5500000000000000e+002  7.5000000000000000e+001  0.0000000000000000e+000
  2.5500000000000000e+002  7.1000000000000000e+001  0.0000000000000000e+000
  2.5500000000000000e+002  6.7000000000000000e+001  0.0000000000000000e+000
  2.5500000000000000e+002  6.3000000000000000e+001  0.0000000000000000e+000
  2.5500000000000000e+002  5.9000000000000000e+001  0.0000000000000000e+000
  2.5500000000000000e+002  5.5000000000000000e+001  0.0000000000000000e+000
  2.5500000000000000e+002  5.1000000000000000e+001  0.0000000000000000e+000
  2.5500000000000000e+002  4.7000000000000000e+001  0.0000000000000000e+000
  2.5500000000000000e+002  4.3000000000000000e+001  0.0000000000000000e+000
  2.5500000000000000e+002  3.9000000000000000e+001  0.0000000000000000e+000
  2.5500000000000000e+002  3.5000000000000000e+001  0.0000000000000000e+000
  2.5500000000000000e+002  3.1000000000000000e+001  0.0000000000000000e+000
  2.5500000000000000e+002  2.7000000000000000e+001  0.0000000000000000e+000
  2.5500000000000000e+002  2.3000000000000000e+001  0.0000000000000000e+000
  2.5500000000000000e+002  1.9000000000000000e+001  0.0000000000000000e+000
  2.5500000000000000e+002  1.5000000000000000e+001  0.0000000000000000e+000
  2.5500000000000000e+002  1.1000000000000000e+001  0.0000000000000000e+000
  2.5500000000000000e+002  7.0000000000000000e+000  0.0000000000000000e+000
  2.5500000000000000e+002  3.0000000000000000e+000  0.0000000000000000e+000
  2.5500000000000000e+002  0.0000000000000000e+000  0.0000000000000000e+000
  2.5100000000000000e+002  0.0000000000000000e+000  0.0000000000000000e+000
  2.4700000000000000e+002  0.0000000000000000e+000  0.0000000000000000e+000
  2.4300000000000000e+002  0.0000000000000000e+000  0.0000000000000000e+000
  2.3900000000000000e+002  0.0000000000000000e+000  0.0000000000000000e+000
  2.3500000000000000e+002  0.0000000000000000e+000  0.0000000000000000e+000
  2.3100000000000000e+002  0.0000000000000000e+000  0.0000000000000000e+000
  2.2700000000000000e+002  0.0000000000000000e+000  0.0000000000000000e+000
  2.2300000000000000e+002  0.0000000000000000e+000  0.0000000000000000e+000
  2.1900000000000000e+002  0.0000000000000000e+000  0.0000000000000000e+000
  2.1500000000000000e+002  0.0000000000000000e+000  0.0000000000000000e+000
  2.1100000000000000e+002  0.0000000000000000e+000  0.0000000000000000e+000
  2.0700000000000000e+002  0.0000000000000000e+000  0.0000000000000000e+000
  2.0300000000000000e+002  0.0000000000000000e+000  0.0000000000000000e+000
  1.9900000000000000e+002  0.0000000000000000e+000  0.0000000000000000e+000
  1.9500000000000000e+002  0.0000000000000000e+000  0.0000000000000000e+000
  1.9100000000000000e+002  0.0000000000000000e+000  0.0000000000000000e+000
  1.8700000000000000e+002  0.0000000000000000e+000  0.0000000000000000e+000
  1.8300000000000000e+002  0.0000000000000000e+000  0.0000000000000000e+000
  1.7900000000000000e+002  0.0000000000000000e+000  0.0000000000000000e+000
  1.7500000000000000e+002  0.0000000000000000e+000  0.0000000000000000e+000
  1.7100000000000000e+002  0.0000000000000000e+000  0.0000000000000000e+000
  1.6700000000000000e+002  0.0000000000000000e+000  0.0000000000000000e+000
  1.6300000000000000e+002  0.0000000000000000e+000  0.0000000000000000e+000
  1.5900000000000000e+002  0.0000000000000000e+000  0.0000000000000000e+000
  1.5500000000000000e+002  0.0000000000000000e+000  0.0000000000000000e+000
  1.5100000000000000e+002  0.0000000000000000e+000  0.0000000000000000e+000
  1.4700000000000000e+002  0.0000000000000000e+000  0.0000000000000000e+000
  1.4300000000000000e+002  0.0000000000000000e+000  0.0000000000000000e+000
  1.3900000000000000e+002  0.0000000000000000e+000  0.0000000000000000e+000
  1.3500000000000000e+002  0.0000000000000000e+000  0.0000000000000000e+000
  1.3100000000000000e+002  0.0000000000000000e+000  0.0000000000000000e+000
  1.2700000000000000e+002  0.0000000000000000e+000  0.0000000000000000e+000
